nach einer Runde wird die S-Koordinate des EgoCars wieder zurückgesetzt: 
Frenet(s = 6945.43, d = 2.01917)
Frenet(s = 2.55194, d = 2.0332)

hier tritt eine Acceleration- und Jerk-Violation auf:
egoCar.s:
6934.9
6938.7
6941.98
6944.33
0.717507
3.26868
6.88759
10.2326

                                         Länge gemäß README von udacity: 6945,554
  Gesamtlänge der Strecke (auf Grundlage von Liniensegmenten berechnet): 6945,5540547387
Gesamtlänge der Strecke (auf Grundlage von kubischen Splines berechnet): 6947,2427832056264

bcp --boost=/usr/local/include/ boost/circular_buffer.hpp foo

bcp --scan --boost=/usr/local/include/ '/home/frankknoll/udacity/SDCND/CarND-Path-Planning-Project/src/egoCar.h' '/home/frankknoll/udacity/SDCND/CarND-Path-Planning-Project/src/funs.h' '/home/frankknoll/udacity/SDCND/CarND-Path-Planning-Project/src/parametricSpline.h' '/home/frankknoll/udacity/SDCND/CarND-Path-Planning-Project/src/spline.h' boost

j: ["telemetry",{"d":6.034381,"end_path_d":6.559254,"end_path_s":196.9882,"previous_path_x":[965.5713,965.9833,966.392,966.8008,967.21,967.6194,968.0291,968.439,968.8491,969.2593,969.6699,970.0805,970.4913,970.9022,971.3134,971.7246,972.136,972.5476,972.9593,973.371,973.783,974.1949,974.6071,975.0193,975.4316,975.8441,976.2565,976.669,977.0815,977.4942,977.9069,978.3196,978.7324,979.1452,979.558,979.9709,980.3839,980.7968,981.2097,981.6226,982.0355,982.4483],"previous_path_y":[1132.359,1132.429,1132.499,1132.569,1132.639,1132.71,1132.781,1132.853,1132.925,1132.998,1133.071,1133.145,1133.219,1133.294,1133.37,1133.446,1133.522,1133.599,1133.677,1133.755,1133.835,1133.914,1133.994,1134.075,1134.156,1134.238,1134.321,1134.405,1134.489,1134.574,1134.659,1134.745,1134.832,1134.92,1135.008,1135.097,1135.186,1135.276,1135.367,1135.459,1135.552,1135.645],"s":180.0836,"sensor_fusion":[[0,926.3005,1132.947,19.07104,0.2076481,141.6905,2.033405],[1,864.6563,1132.877,5.525936,-0.01594292,80.06969,1.96634],[2,892.721,1132.79,14.5251,-0.004852444,108.1284,2.012176],[3,852.3112,1132.873,1.719126,0.002380267,67.72468,2.011957],[4,1077.784,1168.714,14.91848,6.054046,296.8029,10.02387],[5,1096.16,1182.953,13.13878,3.018304,319.6588,1.397198],[6,1120.367,1186.703,17.25344,1.603348,344.3493,1.520386],[7,899.9575,1124.787,20.29515,0.02098391,115.3672,10.01331],[8,869.7654,1124.839,21.30636,-0.07993593,85.20602,9.986944],[9,908.4142,1124.812,25.29585,0.1098295,123.7346,10.01339],[10,1105.329,1180.361,17.80144,3.265572,328.6198,5.872623],[11,762.1,1441.7,0,0,6653.453,-280.8947]],"speed":47.12473,"x":965.1558,"y":1132.289,"yaw":9.507362}]
